466954.023089 -71839.080460 -71839.080460 -28735.632184 0.000000 143678.160920 -28735.632184 143678.160920 0.000000 64655.172414 -57471.264368 -57471.264368 -158045.977011 129310.344828 129310.344828 -79022.988506 57471.264368 -215517.241379 -79022.988506 -215517.241379 57471.264368 0.000000 0.000000 0.000000 0.000000 0.000000 0.000000 0.000000 0.000000 0.000000 0.000000 0.000000 0.000000 0.000000 0.000000 0.000000 
-71839.080460 466954.023089 215517.241379 0.000000 -28735.632184 -114942.528736 143678.160920 -316091.954023 114942.528736 57471.264368 -79022.988506 -215517.241379 14367.816092 -14367.816092 0.000000 -57471.264368 64655.172414 -57471.264368 -215517.241379 -79022.988506 57471.264368 0.000000 0.000000 0.000000 0.000000 0.000000 0.000000 0.000000 0.000000 0.000000 0.000000 0.000000 0.000000 0.000000 0.000000 0.000000 
-71839.080460 215517.241379 466954.023089 143678.160920 114942.528736 -316091.954023 0.000000 -114942.528736 -28735.632184 57471.264368 -215517.241379 -79022.988506 14367.816092 0.000000 -14367.816092 -215517.241379 57471.264368 -79022.988506 -57471.264368 -57471.264368 64655.172414 0.000000 0.000000 0.000000 0.000000 0.000000 0.000000 0.000000 0.000000 0.000000 0.000000 0.000000 0.000000 0.000000 0.000000 0.000000 
-28735.632184 0.000000 143678.160920 466954.023089 71839.080460 -71839.080460 64655.172414 57471.264368 -57471.264368 -28735.632184 -143678.160920 0.000000 0.000000 0.000000 0.000000 -158045.977011 -14367.816092 14367.816092 0.000000 0.000000 0.000000 0.000000 0.000000 0.000000 0.000000 0.000000 0.000000 0.000000 0.000000 0.000000 0.000000 0.000000 0.000000 0.000000 0.000000 0.000000 
0.000000 -28735.632184 114942.528736 71839.080460 466954.023089 -215517.241379 -57471.264368 -79022.988506 215517.241379 -143678.160920 -316091.954023 -114942.528736 0.000000 0.000000 0.000000 -129310.344828 -14367.816092 0.000000 0.000000 0.000000 0.000000 0.000000 0.000000 0.000000 0.000000 0.000000 0.000000 0.000000 0.000000 0.000000 0.000000 0.000000 0.000000 0.000000 0.000000 0.000000 
143678.160920 -114942.528736 -316091.954023 -71839.080460 -215517.241379 466954.023089 57471.264368 215517.241379 -79022.988506 0.000000 114942.528736 -28735.632184 0.000000 0.000000 0.000000 129310.344828 0.000000 -14367.816092 0.000000 0.000000 0.000000 0.000000 0.000000 0.000000 0.000000 0.000000 0.000000 0.000000 0.000000 0.000000 0.000000 0.000000 0.000000 0.000000 0.000000 0.000000 
-28735.632184 143678.160920 0.000000 64655.172414 -57471.264368 57471.264368 466954.023089 -71839.080460 71839.080460 -28735.632184 0.000000 -143678.160920 0.000000 0.000000 0.000000 0.000000 0.000000 0.000000 -158045.977011 14367.816092 -14367.816092 0.000000 0.000000 0.000000 0.000000 0.000000 0.000000 0.000000 0.000000 0.000000 0.000000 0.000000 0.000000 0.000000 0.000000 0.000000 
143678.160920 -316091.954023 -114942.528736 57471.264368 -79022.988506 215517.241379 -71839.080460 466954.023089 -215517.241379 0.000000 -28735.632184 114942.528736 0.000000 0.000000 0.000000 0.000000 0.000000 0.000000 129310.344828 -14367.816092 0.000000 0.000000 0.000000 0.000000 0.000000 0.000000 0.000000 0.000000 0.000000 0.000000 0.000000 0.000000 0.000000 0.000000 0.000000 0.000000 
0.000000 114942.528736 -28735.632184 -57471.264368 215517.241379 -79022.988506 71839.080460 -215517.241379 466954.023089 -143678.160920 -114942.528736 -316091.954023 0.000000 0.000000 0.000000 0.000000 0.000000 0.000000 -129310.344828 0.000000 -14367.816092 0.000000 0.000000 0.000000 0.000000 0.000000 0.000000 0.000000 0.000000 0.000000 0.000000 0.000000 0.000000 0.000000 0.000000 0.000000 
64655.172414 57471.264368 57471.264368 -28735.632184 -143678.160920 0.000000 -28735.632184 0.000000 -143678.160920 466954.023089 71839.080460 71839.080460 0.000000 0.000000 0.000000 -79022.988506 215517.241379 -57471.264368 -79022.988506 -57471.264368 215517.241379 -158045.977011 -129310.344828 -129310.344828 0.000000 0.000000 0.000000 0.000000 0.000000 0.000000 0.000000 0.000000 0.000000 0.000000 0.000000 0.000000 
-57471.264368 -79022.988506 -215517.241379 -143678.160920 -316091.954023 114942.528736 0.000000 -28735.632184 -114942.528736 71839.080460 466954.023089 215517.241379 0.000000 0.000000 0.000000 215517.241379 -79022.988506 57471.264368 57471.264368 64655.172414 -57471.264368 -14367.816092 -14367.816092 0.000000 0.000000 0.000000 0.000000 0.000000 0.000000 0.000000 0.000000 0.000000 0.000000 0.000000 0.000000 0.000000 
-57471.264368 -215517.241379 -79022.988506 0.000000 -114942.528736 -28735.632184 -143678.160920 114942.528736 -316091.954023 71839.080460 215517.241379 466954.023089 0.000000 0.000000 0.000000 57471.264368 -57471.264368 64655.172414 215517.241379 57471.264368 -79022.988506 -14367.816092 0.000000 -14367.816092 0.000000 0.000000 0.000000 0.000000 0.000000 0.000000 0.000000 0.000000 0.000000 0.000000 0.000000 0.000000 
-158045.977011 14367.816092 14367.816092 0.000000 0.000000 0.000000 0.000000 0.000000 0.000000 0.000000 0.000000 0.000000 466954.023089 -71839.080460 -71839.080460 -28735.632184 0.000000 143678.160920 -28735.632184 143678.160920 0.000000 64655.172414 -57471.264368 -57471.264368 -158045.977011 129310.344828 129310.344828 -79022.988506 57471.264368 -215517.241379 -79022.988506 -215517.241379 57471.264368 0.000000 0.000000 0.000000 
129310.344828 -14367.816092 0.000000 0.000000 0.000000 0.000000 0.000000 0.000000 0.000000 0.000000 0.000000 0.000000 -71839.080460 466954.023089 215517.241379 0.000000 -28735.632184 -114942.528736 143678.160920 -316091.954023 114942.528736 57471.264368 -79022.988506 -215517.241379 14367.816092 -14367.816092 0.000000 -57471.264368 64655.172414 -57471.264368 -215517.241379 -79022.988506 57471.264368 0.000000 0.000000 0.000000 
129310.344828 0.000000 -14367.816092 0.000000 0.000000 0.000000 0.000000 0.000000 0.000000 0.000000 0.000000 0.000000 -71839.080460 215517.241379 466954.023089 143678.160920 114942.528736 -316091.954023 0.000000 -114942.528736 -28735.632184 57471.264368 -215517.241379 -79022.988506 14367.816092 0.000000 -14367.816092 -215517.241379 57471.264368 -79022.988506 -57471.264368 -57471.264368 64655.172414 0.000000 0.000000 0.000000 
-79022.988506 -57471.264368 -215517.241379 -158045.977011 -129310.344828 129310.344828 0.000000 0.000000 0.000000 -79022.988506 215517.241379 57471.264368 -28735.632184 0.000000 143678.160920 466954.023089 71839.080460 -71839.080460 64655.172414 57471.264368 -57471.264368 -28735.632184 -143678.160920 0.000000 0.000000 0.000000 0.000000 -158045.977011 -14367.816092 14367.816092 0.000000 0.000000 0.000000 0.000000 0.000000 0.000000 
57471.264368 64655.172414 57471.264368 -14367.816092 -14367.816092 0.000000 0.000000 0.000000 0.000000 215517.241379 -79022.988506 -57471.264368 0.000000 -28735.632184 114942.528736 71839.080460 466954.023089 -215517.241379 -57471.264368 -79022.988506 215517.241379 -143678.160920 -316091.954023 -114942.528736 0.000000 0.000000 0.000000 -129310.344828 -14367.816092 0.000000 0.000000 0.000000 0.000000 0.000000 0.000000 0.000000 
-215517.241379 -57471.264368 -79022.988506 14367.816092 0.000000 -14367.816092 0.000000 0.000000 0.000000 -57471.264368 57471.264368 64655.172414 143678.160920 -114942.528736 -316091.954023 -71839.080460 -215517.241379 466954.023089 57471.264368 215517.241379 -79022.988506 0.000000 114942.528736 -28735.632184 0.000000 0.000000 0.000000 129310.344828 0.000000 -14367.816092 0.000000 0.000000 0.000000 0.000000 0.000000 0.000000 
-79022.988506 -215517.241379 -57471.264368 0.000000 0.000000 0.000000 -158045.977011 129310.344828 -129310.344828 -79022.988506 57471.264368 215517.241379 -28735.632184 143678.160920 0.000000 64655.172414 -57471.264368 57471.264368 466954.023089 -71839.080460 71839.080460 -28735.632184 0.000000 -143678.160920 0.000000 0.000000 0.000000 0.000000 0.000000 0.000000 -158045.977011 14367.816092 -14367.816092 0.000000 0.000000 0.000000 
-215517.241379 -79022.988506 -57471.264368 0.000000 0.000000 0.000000 14367.816092 -14367.816092 0.000000 -57471.264368 64655.172414 57471.264368 143678.160920 -316091.954023 -114942.528736 57471.264368 -79022.988506 215517.241379 -71839.080460 466954.023089 -215517.241379 0.000000 -28735.632184 114942.528736 0.000000 0.000000 0.000000 0.000000 0.000000 0.000000 129310.344828 -14367.816092 0.000000 0.000000 0.000000 0.000000 
57471.264368 57471.264368 64655.172414 0.000000 0.000000 0.000000 -14367.816092 0.000000 -14367.816092 215517.241379 -57471.264368 -79022.988506 0.000000 114942.528736 -28735.632184 -57471.264368 215517.241379 -79022.988506 71839.080460 -215517.241379 466954.023089 -143678.160920 -114942.528736 -316091.954023 0.000000 0.000000 0.000000 0.000000 0.000000 0.000000 -129310.344828 0.000000 -14367.816092 0.000000 0.000000 0.000000 
0.000000 0.000000 0.000000 0.000000 0.000000 0.000000 0.000000 0.000000 0.000000 -158045.977011 -14367.816092 -14367.816092 64655.172414 57471.264368 57471.264368 -28735.632184 -143678.160920 0.000000 -28735.632184 0.000000 -143678.160920 466954.023089 71839.080460 71839.080460 0.000000 0.000000 0.000000 -79022.988506 215517.241379 -57471.264368 -79022.988506 -57471.264368 215517.241379 -158045.977011 -129310.344828 -129310.344828 
0.000000 0.000000 0.000000 0.000000 0.000000 0.000000 0.000000 0.000000 0.000000 -129310.344828 -14367.816092 0.000000 -57471.264368 -79022.988506 -215517.241379 -143678.160920 -316091.954023 114942.528736 0.000000 -28735.632184 -114942.528736 71839.080460 466954.023089 215517.241379 0.000000 0.000000 0.000000 215517.241379 -79022.988506 57471.264368 57471.264368 64655.172414 -57471.264368 -14367.816092 -14367.816092 0.000000 
0.000000 0.000000 0.000000 0.000000 0.000000 0.000000 0.000000 0.000000 0.000000 -129310.344828 0.000000 -14367.816092 -57471.264368 -215517.241379 -79022.988506 0.000000 -114942.528736 -28735.632184 -143678.160920 114942.528736 -316091.954023 71839.080460 215517.241379 466954.023089 0.000000 0.000000 0.000000 57471.264368 -57471.264368 64655.172414 215517.241379 57471.264368 -79022.988506 -14367.816092 0.000000 -14367.816092 
0.000000 0.000000 0.000000 0.000000 0.000000 0.000000 0.000000 0.000000 0.000000 0.000000 0.000000 0.000000 -158045.977011 14367.816092 14367.816092 0.000000 0.000000 0.000000 0.000000 0.000000 0.000000 0.000000 0.000000 0.000000 186781.609295 -143678.160920 -143678.160920 -14367.816092 0.000000 129310.344828 -14367.816092 129310.344828 0.000000 0.000000 0.000000 0.000000 
0.000000 0.000000 0.000000 0.000000 0.000000 0.000000 0.000000 0.000000 0.000000 0.000000 0.000000 0.000000 129310.344828 -14367.816092 0.000000 0.000000 0.000000 0.000000 0.000000 0.000000 0.000000 0.000000 0.000000 0.000000 -143678.160920 186781.609295 143678.160920 0.000000 -14367.816092 -129310.344828 14367.816092 -158045.977011 -14367.816092 0.000000 0.000000 0.000000 
0.000000 0.000000 0.000000 0.000000 0.000000 0.000000 0.000000 0.000000 0.000000 0.000000 0.000000 0.000000 129310.344828 0.000000 -14367.816092 0.000000 0.000000 0.000000 0.000000 0.000000 0.000000 0.000000 0.000000 0.000000 -143678.160920 143678.160920 186781.609295 14367.816092 -14367.816092 -158045.977011 0.000000 -129310.344828 -14367.816092 0.000000 0.000000 0.000000 
0.000000 0.000000 0.000000 0.000000 0.000000 0.000000 0.000000 0.000000 0.000000 0.000000 0.000000 0.000000 -79022.988506 -57471.264368 -215517.241379 -158045.977011 -129310.344828 129310.344828 0.000000 0.000000 0.000000 -79022.988506 215517.241379 57471.264368 -14367.816092 0.000000 14367.816092 280172.413893 -71839.080460 71839.080460 64655.172414 57471.264368 -57471.264368 -14367.816092 -14367.816092 0.000000 
0.000000 0.000000 0.000000 0.000000 0.000000 0.000000 0.000000 0.000000 0.000000 0.000000 0.000000 0.000000 57471.264368 64655.172414 57471.264368 -14367.816092 -14367.816092 0.000000 0.000000 0.000000 0.000000 215517.241379 -79022.988506 -57471.264368 0.000000 -14367.816092 -14367.816092 -71839.080460 280172.413893 -71839.080460 -57471.264368 -79022.988506 215517.241379 -129310.344828 -158045.977011 -129310.344828 
0.000000 0.000000 0.000000 0.000000 0.000000 0.000000 0.000000 0.000000 0.000000 0.000000 0.000000 0.000000 -215517.241379 -57471.264368 -79022.988506 14367.816092 0.000000 -14367.816092 0.000000 0.000000 0.000000 -57471.264368 57471.264368 64655.172414 129310.344828 -129310.344828 -158045.977011 71839.080460 -71839.080460 280172.413893 57471.264368 215517.241379 -79022.988506 0.000000 -14367.816092 -14367.816092 
0.000000 0.000000 0.000000 0.000000 0.000000 0.000000 0.000000 0.000000 0.000000 0.000000 0.000000 0.000000 -79022.988506 -215517.241379 -57471.264368 0.000000 0.000000 0.000000 -158045.977011 129310.344828 -129310.344828 -79022.988506 57471.264368 215517.241379 -14367.816092 14367.816092 0.000000 64655.172414 -57471.264368 57471.264368 280172.413893 71839.080460 -71839.080460 -14367.816092 0.000000 -14367.816092 
0.000000 0.000000 0.000000 0.000000 0.000000 0.000000 0.000000 0.000000 0.000000 0.000000 0.000000 0.000000 -215517.241379 -79022.988506 -57471.264368 0.000000 0.000000 0.000000 14367.816092 -14367.816092 0.000000 -57471.264368 64655.172414 57471.264368 129310.344828 -158045.977011 -129310.344828 57471.264368 -79022.988506 215517.241379 71839.080460 280172.413893 -71839.080460 0.000000 -14367.816092 -14367.816092 
0.000000 0.000000 0.000000 0.000000 0.000000 0.000000 0.000000 0.000000 0.000000 0.000000 0.000000 0.000000 57471.264368 57471.264368 64655.172414 0.000000 0.000000 0.000000 -14367.816092 0.000000 -14367.816092 215517.241379 -57471.264368 -79022.988506 0.000000 -14367.816092 -14367.816092 -57471.264368 215517.241379 -79022.988506 -71839.080460 -71839.080460 280172.413893 -129310.344828 -129310.344828 -158045.977011 
0.000000 0.000000 0.000000 0.000000 0.000000 0.000000 0.000000 0.000000 0.000000 0.000000 0.000000 0.000000 0.000000 0.000000 0.000000 0.000000 0.000000 0.000000 0.000000 0.000000 0.000000 -158045.977011 -14367.816092 -14367.816092 0.000000 0.000000 0.000000 -14367.816092 -129310.344828 0.000000 -14367.816092 0.000000 -129310.344828 186781.609295 143678.160920 143678.160920 
0.000000 0.000000 0.000000 0.000000 0.000000 0.000000 0.000000 0.000000 0.000000 0.000000 0.000000 0.000000 0.000000 0.000000 0.000000 0.000000 0.000000 0.000000 0.000000 0.000000 0.000000 -129310.344828 -14367.816092 0.000000 0.000000 0.000000 0.000000 -14367.816092 -158045.977011 -14367.816092 0.000000 -14367.816092 -129310.344828 143678.160920 186781.609295 143678.160920 
0.000000 0.000000 0.000000 0.000000 0.000000 0.000000 0.000000 0.000000 0.000000 0.000000 0.000000 0.000000 0.000000 0.000000 0.000000 0.000000 0.000000 0.000000 0.000000 0.000000 0.000000 -129310.344828 0.000000 -14367.816092 0.000000 0.000000 0.000000 0.000000 -129310.344828 -14367.816092 -14367.816092 -14367.816092 -158045.977011 143678.160920 143678.160920 186781.609295 
